camera_matrix:
- - 2136.2459905105334
  - 0.0
  - 344.5995189708499
- - 0.0
  - 2058.404445024333
  - 200.50490580513627
- - 0.0
  - 0.0
  - 1.0
dist_coeff:
- - 2.9098594597568765
  - -107.20543406165933
  - 0.13089446867265642
  - -0.007795496353746741
  - 801.2122468073193
rvecs:
- - - 3.1214737160271375
  - - 0.062487457859166325
  - - -0.11085779422892475
- - - 3.1192694097761917
  - - 0.06768460130308142
  - - -0.04884441352336612
- - - 3.0882425371585116
  - - 0.06082395030531033
  - - -0.053739196472194405
- - - 3.0644384816792436
  - - 0.0691740484298268
  - - -0.04663567011957426
- - - 3.0280934390420864
  - - 0.0941006452447418
  - - -0.13082294336477004
- - - 3.054084397267419
  - - 0.133825277139695
  - - -0.15548785967043202
- - - 3.0667313358120682
  - - 0.17824700754318293
  - - -0.15471655251451366
- - - 3.0761881678160217
  - - 0.20335148902841785
  - - -0.17990278421945355
- - - 3.1039549762030982
  - - 0.2618300268679784
  - - -0.22077708739070323
- - - 3.1070219265623478
  - - 0.2780201901304635
  - - -0.26734210386247387
- - - 3.1246828595019958
  - - 0.2967200802042208
  - - -0.31391090071175226
- - - 3.141895819734989
  - - 0.32997241130599625
  - - -0.3191582307488925
- - - 3.1271713070414395
  - - 0.06769935873307505
  - - 0.018691495621653575
- - - 3.1177656557818776
  - - 0.3569904378782416
  - - -0.313447754418357
- - - 3.1103706884877353
  - - 0.3696306477194109
  - - -0.30803475185981405
- - - 3.169588978563833
  - - 0.05186646663562292
  - - 0.3310249493220108
- - - 3.1544885298314886
  - - 0.0198709550902027
  - - 0.3416635030637056
- - - 3.1360624605807548
  - - -0.005964986547598553
  - - 0.39838488215116724
- - - 3.1339404757260354
  - - -0.02095290948404479
  - - 0.3996291917917247
- - - 3.130452590544977
  - - -0.0353215068558341
  - - 0.45299944315781954
- - - 3.1350965156824415
  - - -0.04524983478836901
  - - 0.470990250181424
- - - 3.121815740192341
  - - -0.05754845479864299
  - - 0.511124254388467
- - - 3.105034522440853
  - - -0.05939767285556634
  - - 0.5210984416029959
- - - 3.1459263543039486
  - - 0.06324935332080361
  - - -0.022828975484323163
- - - 3.0883342823758815
  - - -0.05668412564245648
  - - 0.49720646814038033
- - - 3.0839534292886635
  - - -0.051686628425869026
  - - 0.48911545158935915
- - - 3.085522715870638
  - - -0.05159656907039195
  - - 0.5035483490512206
- - - 3.093902101313917
  - - -0.056866770484686864
  - - 0.5123801411125843
- - - 3.0868669493523027
  - - -0.06678154098904862
  - - 0.5131637272177203
- - - 3.0874567232626933
  - - -0.0692469688902183
  - - 0.5021484735493178
- - - 3.0751313891542273
  - - -0.07111571309477316
  - - 0.47811980007364485
- - - 3.0731325547487796
  - - -0.06664173700521833
  - - 0.4756095738747956
- - - 3.0843219668358235
  - - -0.06345901022134136
  - - 0.4905905267770562
- - - 3.0876175667296133
  - - -0.062219547021282864
  - - 0.49613111890509554
- - - 3.029597514859206
  - - 0.0684414440811617
  - - 0.0855541802352061
- - - 3.170732684216477
  - - 0.07415786905538806
  - - -0.07741005357725898
- - - 3.0067014765491327
  - - 0.0733578716442904
  - - -0.026733373515148245
- - - 3.0617440270151968
  - - 0.06371385018797843
  - - -0.02955683889876731
- - - 3.0834372914444024
  - - 0.05473708005972053
  - - 0.10716620604075229
- - - 3.0669403840153895
  - - 0.052154335022416634
  - - 0.10213969325310955
tvecs:
- - - -9.959075865142383
  - - 19.148821333644285
  - - 161.1567315903426
- - - -9.924552916515681
  - - 18.366257805592713
  - - 158.16974680601479
- - - -8.456899734262281
  - - 12.247032641638919
  - - 129.5932418554502
- - - -8.423234524373473
  - - 11.863335827066319
  - - 127.90217708126862
- - - -8.377754259665851
  - - 11.223671667243757
  - - 124.56730232042
- - - -8.396140464987797
  - - 10.808847817824057
  - - 121.8198960882271
- - - -8.423049000959427
  - - 10.468158927278932
  - - 118.68971638455864
- - - -8.445045864813148
  - - 10.299500334829728
  - - 117.40211164790719
- - - -8.410836583950237
  - - 9.710475370669245
  - - 114.66024897386957
- - - -8.255362888634163
  - - 9.578428498134237
  - - 112.82167678433107
- - - -8.059970772675872
  - - 9.511719720415803
  - - 111.0027385887473
- - - -7.9673095747693425
  - - 9.38190452738838
  - - 109.6217865856629
- - - -9.832767267605421
  - - 18.01486844960804
  - - 156.4711539907558
- - - -7.770556796440707
  - - 9.319059637635782
  - - 108.702371990424
- - - -7.599233964682026
  - - 9.284359414074666
  - - 108.44466055291495
- - - -14.779109380109132
  - - 12.77410649352219
  - - 122.34640039014864
- - - -15.50621995188994
  - - 12.905022770072346
  - - 122.94032090164993
- - - -16.063598845671766
  - - 13.0118128160129
  - - 122.81982357353469
- - - -16.67847679301651
  - - 13.09956937738447
  - - 122.68853280216996
- - - -17.18824192272649
  - - 13.230151239432223
  - - 122.35414174784087
- - - -17.415299270324283
  - - 13.346128339265173
  - - 122.34726240729184
- - - -17.77547453955127
  - - 13.56277050566908
  - - 121.72436397058244
- - - -18.0501262261711
  - - 13.78320706321206
  - - 121.30783779380671
- - - -9.429173240408547
  - - 16.9602342603118
  - - 151.7923967590802
- - - -18.219047950710895
  - - 13.859969522395392
  - - 120.93880560693547
- - - -18.275084772444522
  - - 13.825128779794127
  - - 120.8806024181236
- - - -18.211624160098044
  - - 13.785188518001627
  - - 120.5899744545739
- - - -18.156603129685475
  - - 13.832496039594423
  - - 120.71806094714252
- - - -18.020564713574746
  - - 13.89364429384175
  - - 120.66818255791712
- - - -18.00415718550667
  - - 13.914727535884213
  - - 120.72047565891539
- - - -17.99470652038596
  - - 13.9072309824576
  - - 120.75539973024513
- - - -18.038010361696948
  - - 13.85760723018946
  - - 120.64016081578268
- - - -18.080453128130856
  - - 13.872128948784589
  - - 120.95658809556826
- - - -18.12698388721942
  - - 13.877432857308364
  - - 121.0619870141125
- - - -9.24126603999446
  - - 15.978598629356076
  - - 146.79872027905066
- - - -9.28383322073592
  - - 15.535883345209307
  - - 147.37539995415494
- - - -9.29677354601007
  - - 14.492410919152517
  - - 142.70847733491217
- - - -9.098166307831299
  - - 13.938747903373839
  - - 140.31021799138128
- - - -8.789327193322201
  - - 13.466377855010837
  - - 135.49839447781105
- - - -8.554633924707836
  - - 12.882066400146465
  - - 131.73049833108942
